------------------
	 Antonymy
------------------

SICK Data Set
=============

Number of Test Cases: 157
---------------------

Semantic Relatedness Statistics:
--------------------------------
Mean:                 3.65 (0.66)
Median:                3.6 (0.65)
Standard deviation:   0.36 (0.09)
Standard error:       0.03 (0.01)


Average Scores (Overall):
-------------------------
Average Semantic Relatedness: 0.614 (-0.096)

+------------+-----------------+
| Metric     |   Average Score |
+============+=================+
| Ann. Score |        0.614468 |
+------------+-----------------+
| BERT Score |        0.86769  |
+------------+-----------------+
| BLEU       |        0.672248 |
+------------+-----------------+
| Meteor     |        0.420789 |
+------------+-----------------+
| S2match    |        0.793342 |
+------------+-----------------+
| Smatch     |        0.792764 |
+------------+-----------------+
| WLK        |        0.575384 |
+------------+-----------------+
| WWLK       |        0.760266 |
+------------+-----------------+
| chrF++     |        0.79566  |
+------------+-----------------+

Correlation Matrix (Overall):
-----------------------------
+------------+--------------+--------------+--------+----------+----------+-----------+----------+-------+--------+
|            |   Ann. Score |   BERT Score |   BLEU |   chrF++ |   Meteor |   S2match |   Smatch |   WLK |   WWLK |
+============+==============+==============+========+==========+==========+===========+==========+=======+========+
| Ann. Score |        1     |        0.096 |  0.122 |    0.15  |    0.269 |     0.101 |    0.102 | 0.201 |  0.109 |
+------------+--------------+--------------+--------+----------+----------+-----------+----------+-------+--------+
| BERT Score |        0.096 |        1     |  0.595 |    0.678 |    0.532 |     0.61  |    0.609 | 0.439 |  0.653 |
+------------+--------------+--------------+--------+----------+----------+-----------+----------+-------+--------+
| BLEU       |        0.122 |        0.595 |  1     |    0.806 |    0.805 |     0.765 |    0.764 | 0.747 |  0.699 |
+------------+--------------+--------------+--------+----------+----------+-----------+----------+-------+--------+
| chrF++     |        0.15  |        0.678 |  0.806 |    1     |    0.676 |     0.738 |    0.737 | 0.628 |  0.657 |
+------------+--------------+--------------+--------+----------+----------+-----------+----------+-------+--------+
| Meteor     |        0.269 |        0.532 |  0.805 |    0.676 |    1     |     0.739 |    0.738 | 0.797 |  0.704 |
+------------+--------------+--------------+--------+----------+----------+-----------+----------+-------+--------+
| S2match    |        0.101 |        0.61  |  0.765 |    0.738 |    0.739 |     1     |    1     | 0.808 |  0.877 |
+------------+--------------+--------------+--------+----------+----------+-----------+----------+-------+--------+
| Smatch     |        0.102 |        0.609 |  0.764 |    0.737 |    0.738 |     1     |    1     | 0.808 |  0.877 |
+------------+--------------+--------------+--------+----------+----------+-----------+----------+-------+--------+
| WLK        |        0.201 |        0.439 |  0.747 |    0.628 |    0.797 |     0.808 |    0.808 | 1     |  0.818 |
+------------+--------------+--------------+--------+----------+----------+-----------+----------+-------+--------+
| WWLK       |        0.109 |        0.653 |  0.699 |    0.657 |    0.704 |     0.877 |    0.877 | 0.818 |  1     |
+------------+--------------+--------------+--------+----------+----------+-----------+----------+-------+--------+

===================================================================================================================================

