---------------------
	 Co-Hyponymy
---------------------

SICK Data Set
=============

Number of Test Cases: 35
---------------------

Semantic Relatedness Statistics:
--------------------------------
Mean:                  3.7 (0.67)
Median:                3.6 (0.65)
Standard deviation:    0.5 (0.12)
Standard error:       0.08 (0.02)


Average Scores (Overall):
-------------------------
Average Semantic Relatedness: 0.628 (-0.093)

+------------+-----------------+
| Metric     |   Average Score |
+============+=================+
| Ann. Score |        0.628286 |
+------------+-----------------+
| BERT Score |        0.854453 |
+------------+-----------------+
| BLEU       |        0.775234 |
+------------+-----------------+
| Meteor     |        0.44377  |
+------------+-----------------+
| S2match    |        0.837981 |
+------------+-----------------+
| Smatch     |        0.833143 |
+------------+-----------------+
| WLK        |        0.586384 |
+------------+-----------------+
| WWLK       |        0.735504 |
+------------+-----------------+
| chrF++     |        0.793788 |
+------------+-----------------+

Correlation Matrix (Overall):
-----------------------------
+------------+--------------+--------------+--------+----------+----------+-----------+----------+-------+--------+
|            |   Ann. Score |   BERT Score |   BLEU |   chrF++ |   Meteor |   S2match |   Smatch |   WLK |   WWLK |
+============+==============+==============+========+==========+==========+===========+==========+=======+========+
| Ann. Score |        1     |        0.063 |  0.186 |    0.101 |    0.264 |     0.047 |    0.077 | 0.137 | -0.099 |
+------------+--------------+--------------+--------+----------+----------+-----------+----------+-------+--------+
| BERT Score |        0.063 |        1     |  0.417 |    0.654 |    0.529 |     0.536 |    0.556 | 0.576 |  0.641 |
+------------+--------------+--------------+--------+----------+----------+-----------+----------+-------+--------+
| BLEU       |        0.186 |        0.417 |  1     |    0.712 |    0.687 |     0.564 |    0.543 | 0.499 |  0.392 |
+------------+--------------+--------------+--------+----------+----------+-----------+----------+-------+--------+
| chrF++     |        0.101 |        0.654 |  0.712 |    1     |    0.697 |     0.8   |    0.732 | 0.622 |  0.674 |
+------------+--------------+--------------+--------+----------+----------+-----------+----------+-------+--------+
| Meteor     |        0.264 |        0.529 |  0.687 |    0.697 |    1     |     0.769 |    0.728 | 0.665 |  0.735 |
+------------+--------------+--------------+--------+----------+----------+-----------+----------+-------+--------+
| S2match    |        0.047 |        0.536 |  0.564 |    0.8   |    0.769 |     1     |    0.908 | 0.771 |  0.878 |
+------------+--------------+--------------+--------+----------+----------+-----------+----------+-------+--------+
| Smatch     |        0.077 |        0.556 |  0.543 |    0.732 |    0.728 |     0.908 |    1     | 0.866 |  0.859 |
+------------+--------------+--------------+--------+----------+----------+-----------+----------+-------+--------+
| WLK        |        0.137 |        0.576 |  0.499 |    0.622 |    0.665 |     0.771 |    0.866 | 1     |  0.78  |
+------------+--------------+--------------+--------+----------+----------+-----------+----------+-------+--------+
| WWLK       |       -0.099 |        0.641 |  0.392 |    0.674 |    0.735 |     0.878 |    0.859 | 0.78  |  1     |
+------------+--------------+--------------+--------+----------+----------+-----------+----------+-------+--------+

===================================================================================================================================

STS Data Set
=============

Number of Test Cases: 20
---------------------

Semantic Similarity Statistics:
--------------------------------
Mean:                 2.49 (0.5)
Median:               2.29 (0.46)
Standard deviation:   0.83 (0.17)
Standard error:       0.19 (0.04)


Average Scores (Overall):
-------------------------
Average Semantic Similarity: 0.282 (0.056)

+------------+-----------------+
| Metric     |   Average Score |
+============+=================+
| Ann. Score |        0.282186 |
+------------+-----------------+
| BERT Score |        0.837548 |
+------------+-----------------+
| BLEU       |        0.674342 |
+------------+-----------------+
| Meteor     |        0.312764 |
+------------+-----------------+
| S2match    |        0.779    |
+------------+-----------------+
| Smatch     |        0.779    |
+------------+-----------------+
| WLK        |        0.458588 |
+------------+-----------------+
| WWLK       |        0.688925 |
+------------+-----------------+
| chrF++     |        0.660839 |
+------------+-----------------+

Correlation Matrix (Overall):
-----------------------------
+------------+--------------+--------------+--------+----------+----------+-----------+----------+--------+--------+
|            |   Ann. Score |   BERT Score |   BLEU |   chrF++ |   Meteor |   S2match |   Smatch |    WLK |   WWLK |
+============+==============+==============+========+==========+==========+===========+==========+========+========+
| Ann. Score |        1     |        0.664 | -0.757 |    0.502 |   -0.09  |     0.244 |    0.244 |  0.327 |  0.516 |
+------------+--------------+--------------+--------+----------+----------+-----------+----------+--------+--------+
| BERT Score |        0.664 |        1     | -0.289 |    0.504 |    0.196 |     0.05  |    0.05  |  0.132 |  0.4   |
+------------+--------------+--------------+--------+----------+----------+-----------+----------+--------+--------+
| BLEU       |       -0.757 |       -0.289 |  1     |   -0.236 |    0.379 |    -0.362 |   -0.362 | -0.348 | -0.336 |
+------------+--------------+--------------+--------+----------+----------+-----------+----------+--------+--------+
| chrF++     |        0.502 |        0.504 | -0.236 |    1     |    0.373 |     0.104 |    0.104 |  0.071 |  0.15  |
+------------+--------------+--------------+--------+----------+----------+-----------+----------+--------+--------+
| Meteor     |       -0.09  |        0.196 |  0.379 |    0.373 |    1     |    -0.002 |   -0.002 |  0.235 |  0.135 |
+------------+--------------+--------------+--------+----------+----------+-----------+----------+--------+--------+
| S2match    |        0.244 |        0.05  | -0.362 |    0.104 |   -0.002 |     1     |    1     |  0.024 |  0.155 |
+------------+--------------+--------------+--------+----------+----------+-----------+----------+--------+--------+
| Smatch     |        0.244 |        0.05  | -0.362 |    0.104 |   -0.002 |     1     |    1     |  0.024 |  0.155 |
+------------+--------------+--------------+--------+----------+----------+-----------+----------+--------+--------+
| WLK        |        0.327 |        0.132 | -0.348 |    0.071 |    0.235 |     0.024 |    0.024 |  1     |  0.458 |
+------------+--------------+--------------+--------+----------+----------+-----------+----------+--------+--------+
| WWLK       |        0.516 |        0.4   | -0.336 |    0.15  |    0.135 |     0.155 |    0.155 |  0.458 |  1     |
+------------+--------------+--------------+--------+----------+----------+-----------+----------+--------+--------+

===================================================================================================================================

