------------------
	 Hyponymy
------------------

STS Data Set
=============

Number of Test Cases: 11
---------------------

Semantic Similarity Statistics:
--------------------------------
Mean:                 3.76 (0.75)
Median:                3.8 (0.76)
Standard deviation:   0.54 (0.11)
Standard error:       0.16 (0.03)


Average Scores (Overall):
-------------------------
Average Semantic Similarity: 0.647 (0.129)

+------------+-----------------+
| Metric     |   Average Score |
+============+=================+
| Ann. Score |        0.646753 |
+------------+-----------------+
| BERT Score |        0.76106  |
+------------+-----------------+
| BLEU       |        0.579828 |
+------------+-----------------+
| Meteor     |        0.461908 |
+------------+-----------------+
| S2match    |        0.736606 |
+------------+-----------------+
| Smatch     |        0.736606 |
+------------+-----------------+
| WLK        |        0.425988 |
+------------+-----------------+
| WWLK       |        0.586961 |
+------------+-----------------+
| chrF++     |        0.68304  |
+------------+-----------------+

Correlation Matrix (Overall):
-----------------------------
+------------+--------------+--------------+--------+----------+----------+-----------+----------+-------+--------+
|            |   Ann. Score |   BERT Score |   BLEU |   chrF++ |   Meteor |   S2match |   Smatch |   WLK |   WWLK |
+============+==============+==============+========+==========+==========+===========+==========+=======+========+
| Ann. Score |        1     |        0.806 |  0.065 |    0.384 |    0.424 |     0.485 |    0.485 | 0.418 |  0.773 |
+------------+--------------+--------------+--------+----------+----------+-----------+----------+-------+--------+
| BERT Score |        0.806 |        1     |  0.298 |    0.445 |    0.709 |     0.572 |    0.572 | 0.429 |  0.873 |
+------------+--------------+--------------+--------+----------+----------+-----------+----------+-------+--------+
| BLEU       |        0.065 |        0.298 |  1     |    0.321 |   -0.083 |     0.558 |    0.558 | 0.63  |  0.376 |
+------------+--------------+--------------+--------+----------+----------+-----------+----------+-------+--------+
| chrF++     |        0.384 |        0.445 |  0.321 |    1     |    0.211 |     0.763 |    0.763 | 0.791 |  0.736 |
+------------+--------------+--------------+--------+----------+----------+-----------+----------+-------+--------+
| Meteor     |        0.424 |        0.709 | -0.083 |    0.211 |    1     |     0.269 |    0.269 | 0.014 |  0.604 |
+------------+--------------+--------------+--------+----------+----------+-----------+----------+-------+--------+
| S2match    |        0.485 |        0.572 |  0.558 |    0.763 |    0.269 |     1     |    1     | 0.95  |  0.83  |
+------------+--------------+--------------+--------+----------+----------+-----------+----------+-------+--------+
| Smatch     |        0.485 |        0.572 |  0.558 |    0.763 |    0.269 |     1     |    1     | 0.95  |  0.83  |
+------------+--------------+--------------+--------+----------+----------+-----------+----------+-------+--------+
| WLK        |        0.418 |        0.429 |  0.63  |    0.791 |    0.014 |     0.95  |    0.95  | 1     |  0.734 |
+------------+--------------+--------------+--------+----------+----------+-----------+----------+-------+--------+
| WWLK       |        0.773 |        0.873 |  0.376 |    0.736 |    0.604 |     0.83  |    0.83  | 0.734 |  1     |
+------------+--------------+--------------+--------+----------+----------+-----------+----------+-------+--------+

===================================================================================================================================

SICK Data Set
=============

Number of Test Cases: 116
---------------------

Semantic Relatedness Statistics:
--------------------------------
Mean:                 4.52 (0.88)
Median:                4.5 (0.88)
Standard deviation:   0.19 (0.05)
Standard error:       0.02 (0.0)


Average Scores (Overall):
-------------------------
Average Semantic Relatedness: 0.863 (-0.034)

+------------+-----------------+
| Metric     |   Average Score |
+============+=================+
| Ann. Score |        0.862894 |
+------------+-----------------+
| BERT Score |        0.859962 |
+------------+-----------------+
| BLEU       |        0.720052 |
+------------+-----------------+
| Meteor     |        0.668938 |
+------------+-----------------+
| S2match    |        0.830644 |
+------------+-----------------+
| Smatch     |        0.829552 |
+------------+-----------------+
| WLK        |        0.539115 |
+------------+-----------------+
| WWLK       |        0.720993 |
+------------+-----------------+
| chrF++     |        0.779153 |
+------------+-----------------+

Correlation Matrix (Overall):
-----------------------------
+------------+--------------+--------------+--------+----------+----------+-----------+----------+-------+--------+
|            |   Ann. Score |   BERT Score |   BLEU |   chrF++ |   Meteor |   S2match |   Smatch |   WLK |   WWLK |
+============+==============+==============+========+==========+==========+===========+==========+=======+========+
| Ann. Score |        1     |        0.152 |  0.003 |    0.061 |    0.22  |     0.04  |    0.062 | 0.061 |  0.057 |
+------------+--------------+--------------+--------+----------+----------+-----------+----------+-------+--------+
| BERT Score |        0.152 |        1     |  0.613 |    0.709 |    0.637 |     0.657 |    0.643 | 0.447 |  0.568 |
+------------+--------------+--------------+--------+----------+----------+-----------+----------+-------+--------+
| BLEU       |        0.003 |        0.613 |  1     |    0.834 |    0.552 |     0.675 |    0.667 | 0.696 |  0.587 |
+------------+--------------+--------------+--------+----------+----------+-----------+----------+-------+--------+
| chrF++     |        0.061 |        0.709 |  0.834 |    1     |    0.727 |     0.831 |    0.815 | 0.746 |  0.795 |
+------------+--------------+--------------+--------+----------+----------+-----------+----------+-------+--------+
| Meteor     |        0.22  |        0.637 |  0.552 |    0.727 |    1     |     0.626 |    0.629 | 0.483 |  0.716 |
+------------+--------------+--------------+--------+----------+----------+-----------+----------+-------+--------+
| S2match    |        0.04  |        0.657 |  0.675 |    0.831 |    0.626 |     1     |    0.983 | 0.778 |  0.838 |
+------------+--------------+--------------+--------+----------+----------+-----------+----------+-------+--------+
| Smatch     |        0.062 |        0.643 |  0.667 |    0.815 |    0.629 |     0.983 |    1     | 0.793 |  0.836 |
+------------+--------------+--------------+--------+----------+----------+-----------+----------+-------+--------+
| WLK        |        0.061 |        0.447 |  0.696 |    0.746 |    0.483 |     0.778 |    0.793 | 1     |  0.765 |
+------------+--------------+--------------+--------+----------+----------+-----------+----------+-------+--------+
| WWLK       |        0.057 |        0.568 |  0.587 |    0.795 |    0.716 |     0.838 |    0.836 | 0.765 |  1     |
+------------+--------------+--------------+--------+----------+----------+-----------+----------+-------+--------+

===================================================================================================================================

