------------------
	 Negation
------------------

SICK Data Set
=============

Number of Test Cases: 156
---------------------

Semantic Relatedness Statistics:
--------------------------------
Mean:                 3.59 (0.65)
Median:                3.6 (0.65)
Standard deviation:   0.44 (0.11)
Standard error:       0.04 (0.01)


Average Scores (Overall):
-------------------------
Average Semantic Relatedness: 0.597 (-0.101)

+------------+-----------------+
| Metric     |   Average Score |
+============+=================+
| Ann. Score |        0.597033 |
+------------+-----------------+
| BERT Score |        0.748652 |
+------------+-----------------+
| BLEU       |        0.581664 |
+------------+-----------------+
| Meteor     |        0.459923 |
+------------+-----------------+
| S2match    |        0.920812 |
+------------+-----------------+
| Smatch     |        0.920812 |
+------------+-----------------+
| WLK        |        0.791092 |
+------------+-----------------+
| WWLK       |        0.643633 |
+------------+-----------------+
| chrF++     |        0.845586 |
+------------+-----------------+

Correlation Matrix (Overall):
-----------------------------
+------------+--------------+--------------+--------+----------+----------+-----------+----------+-------+--------+
|            |   Ann. Score |   BERT Score |   BLEU |   chrF++ |   Meteor |   S2match |   Smatch |   WLK |   WWLK |
+============+==============+==============+========+==========+==========+===========+==========+=======+========+
| Ann. Score |        1     |        0.053 | -0.054 |   -0.045 |   -0.045 |    -0.015 |   -0.015 | 0.005 | -0.026 |
+------------+--------------+--------------+--------+----------+----------+-----------+----------+-------+--------+
| BERT Score |        0.053 |        1     |  0.35  |    0.385 |    0.306 |     0.38  |    0.38  | 0.402 |  0.36  |
+------------+--------------+--------------+--------+----------+----------+-----------+----------+-------+--------+
| BLEU       |       -0.054 |        0.35  |  1     |    0.833 |    0.903 |     0.866 |    0.866 | 0.848 |  0.848 |
+------------+--------------+--------------+--------+----------+----------+-----------+----------+-------+--------+
| chrF++     |       -0.045 |        0.385 |  0.833 |    1     |    0.692 |     0.755 |    0.755 | 0.737 |  0.746 |
+------------+--------------+--------------+--------+----------+----------+-----------+----------+-------+--------+
| Meteor     |       -0.045 |        0.306 |  0.903 |    0.692 |    1     |     0.86  |    0.86  | 0.841 |  0.847 |
+------------+--------------+--------------+--------+----------+----------+-----------+----------+-------+--------+
| S2match    |       -0.015 |        0.38  |  0.866 |    0.755 |    0.86  |     1     |    1     | 0.99  |  0.975 |
+------------+--------------+--------------+--------+----------+----------+-----------+----------+-------+--------+
| Smatch     |       -0.015 |        0.38  |  0.866 |    0.755 |    0.86  |     1     |    1     | 0.99  |  0.975 |
+------------+--------------+--------------+--------+----------+----------+-----------+----------+-------+--------+
| WLK        |        0.005 |        0.402 |  0.848 |    0.737 |    0.841 |     0.99  |    0.99  | 1     |  0.965 |
+------------+--------------+--------------+--------+----------+----------+-----------+----------+-------+--------+
| WWLK       |       -0.026 |        0.36  |  0.848 |    0.746 |    0.847 |     0.975 |    0.975 | 0.965 |  1     |
+------------+--------------+--------------+--------+----------+----------+-----------+----------+-------+--------+

===================================================================================================================================

