------------------
	 Omission
------------------

SICK Data Set
=============

Number of Test Cases: 155
---------------------

Semantic Relatedness Statistics:
--------------------------------
Mean:                 4.51 (0.88)
Median:                4.5 (0.88)
Standard deviation:   0.18 (0.05)
Standard error:       0.01 (0.0)


Average Scores (Overall):
-------------------------
Average Semantic Relatedness: 0.86 (-0.035)

+------------+-----------------+
| Metric     |   Average Score |
+============+=================+
| Ann. Score |        0.860276 |
+------------+-----------------+
| BERT Score |        0.81343  |
+------------+-----------------+
| BLEU       |        0.64471  |
+------------+-----------------+
| Meteor     |        0.466212 |
+------------+-----------------+
| S2match    |        0.844284 |
+------------+-----------------+
| Smatch     |        0.844284 |
+------------+-----------------+
| WLK        |        0.782137 |
+------------+-----------------+
| WWLK       |        0.685339 |
+------------+-----------------+
| chrF++     |        0.728289 |
+------------+-----------------+

Correlation Matrix (Overall):
-----------------------------
+------------+--------------+--------------+--------+----------+----------+-----------+----------+-------+--------+
|            |   Ann. Score |   BERT Score |   BLEU |   chrF++ |   Meteor |   S2match |   Smatch |   WLK |   WWLK |
+============+==============+==============+========+==========+==========+===========+==========+=======+========+
| Ann. Score |        1     |        0.325 |  0.118 |    0.211 |    0.063 |     0.183 |    0.183 | 0.181 |  0.16  |
+------------+--------------+--------------+--------+----------+----------+-----------+----------+-------+--------+
| BERT Score |        0.325 |        1     |  0.643 |    0.743 |    0.637 |     0.703 |    0.703 | 0.705 |  0.716 |
+------------+--------------+--------------+--------+----------+----------+-----------+----------+-------+--------+
| BLEU       |        0.118 |        0.643 |  1     |    0.874 |    0.885 |     0.675 |    0.675 | 0.69  |  0.634 |
+------------+--------------+--------------+--------+----------+----------+-----------+----------+-------+--------+
| chrF++     |        0.211 |        0.743 |  0.874 |    1     |    0.835 |     0.75  |    0.75  | 0.765 |  0.728 |
+------------+--------------+--------------+--------+----------+----------+-----------+----------+-------+--------+
| Meteor     |        0.063 |        0.637 |  0.885 |    0.835 |    1     |     0.741 |    0.741 | 0.717 |  0.694 |
+------------+--------------+--------------+--------+----------+----------+-----------+----------+-------+--------+
| S2match    |        0.183 |        0.703 |  0.675 |    0.75  |    0.741 |     1     |    1     | 0.975 |  0.884 |
+------------+--------------+--------------+--------+----------+----------+-----------+----------+-------+--------+
| Smatch     |        0.183 |        0.703 |  0.675 |    0.75  |    0.741 |     1     |    1     | 0.975 |  0.884 |
+------------+--------------+--------------+--------+----------+----------+-----------+----------+-------+--------+
| WLK        |        0.181 |        0.705 |  0.69  |    0.765 |    0.717 |     0.975 |    0.975 | 1     |  0.895 |
+------------+--------------+--------------+--------+----------+----------+-----------+----------+-------+--------+
| WWLK       |        0.16  |        0.716 |  0.634 |    0.728 |    0.694 |     0.884 |    0.884 | 0.895 |  1     |
+------------+--------------+--------------+--------+----------+----------+-----------+----------+-------+--------+

===================================================================================================================================

STS Data Set
=============

Number of Test Cases: 15
---------------------

Semantic Similarity Statistics:
--------------------------------
Mean:                  4.2 (0.84)
Median:                4.2 (0.84)
Standard deviation:   0.41 (0.08)
Standard error:        0.1 (0.02)


Average Scores (Overall):
-------------------------
Average Semantic Similarity: 0.77 (0.154)

+------------+-----------------+
| Metric     |   Average Score |
+============+=================+
| Ann. Score |        0.770476 |
+------------+-----------------+
| BERT Score |        0.801037 |
+------------+-----------------+
| BLEU       |        0.507956 |
+------------+-----------------+
| Meteor     |        0.406943 |
+------------+-----------------+
| S2match    |        0.784978 |
+------------+-----------------+
| Smatch     |        0.784978 |
+------------+-----------------+
| WLK        |        0.733169 |
+------------+-----------------+
| WWLK       |        0.611538 |
+------------+-----------------+
| chrF++     |        0.707294 |
+------------+-----------------+

Correlation Matrix (Overall):
-----------------------------
+------------+--------------+--------------+--------+----------+----------+-----------+----------+-------+--------+
|            |   Ann. Score |   BERT Score |   BLEU |   chrF++ |   Meteor |   S2match |   Smatch |   WLK |   WWLK |
+============+==============+==============+========+==========+==========+===========+==========+=======+========+
| Ann. Score |        1     |        0.567 |  0.244 |    0.04  |    0.091 |     0.417 |    0.417 | 0.381 |  0.288 |
+------------+--------------+--------------+--------+----------+----------+-----------+----------+-------+--------+
| BERT Score |        0.567 |        1     |  0.517 |    0.368 |    0.179 |     0.38  |    0.38  | 0.364 |  0.296 |
+------------+--------------+--------------+--------+----------+----------+-----------+----------+-------+--------+
| BLEU       |        0.244 |        0.517 |  1     |    0.45  |    0.698 |     0.217 |    0.217 | 0.124 |  0.091 |
+------------+--------------+--------------+--------+----------+----------+-----------+----------+-------+--------+
| chrF++     |        0.04  |        0.368 |  0.45  |    1     |   -0.032 |     0.465 |    0.465 | 0.469 |  0.521 |
+------------+--------------+--------------+--------+----------+----------+-----------+----------+-------+--------+
| Meteor     |        0.091 |        0.179 |  0.698 |   -0.032 |    1     |     0.139 |    0.139 | 0.041 | -0.025 |
+------------+--------------+--------------+--------+----------+----------+-----------+----------+-------+--------+
| S2match    |        0.417 |        0.38  |  0.217 |    0.465 |    0.139 |     1     |    1     | 0.955 |  0.949 |
+------------+--------------+--------------+--------+----------+----------+-----------+----------+-------+--------+
| Smatch     |        0.417 |        0.38  |  0.217 |    0.465 |    0.139 |     1     |    1     | 0.955 |  0.949 |
+------------+--------------+--------------+--------+----------+----------+-----------+----------+-------+--------+
| WLK        |        0.381 |        0.364 |  0.124 |    0.469 |    0.041 |     0.955 |    0.955 | 1     |  0.977 |
+------------+--------------+--------------+--------+----------+----------+-----------+----------+-------+--------+
| WWLK       |        0.288 |        0.296 |  0.091 |    0.521 |   -0.025 |     0.949 |    0.949 | 0.977 |  1     |
+------------+--------------+--------------+--------+----------+----------+-----------+----------+-------+--------+

===================================================================================================================================

