--------------------------
	 Partial Synonymy
--------------------------

SICK Data Set
=============

Number of Test Cases: 26
---------------------

Semantic Relatedness Statistics:
--------------------------------
Mean:                 4.79 (0.95)
Median:                4.8 (0.95)
Standard deviation:   0.14 (0.03)
Standard error:       0.03 (0.01)


Average Scores (Overall):
-------------------------
Average Semantic Relatedness: 0.86 (-0.035)

Tested Score (Glove LCG): 0.155

Tested Score (Glove LCG (Star)): 0.722

Tested Score (LCG): 0.204

Tested Score (LCG (Star)): 0.625

\begin{tabular}{lr}
\hline
 Metric           &   Average Score \\
\hline
 Ann. Score       &        0.859822 \\
 BERT Score       &        0.869732 \\
 BLEU             &        0.558477 \\
 Glove LCG        &        0.155478 \\
 Glove LCG (Star) &        0.721792 \\
 LCG              &        0.204219 \\
 LCG (Star)       &        0.624617 \\
 MF Score AMR     &       -0.241206 \\
 MF Score Sent    &       -0.179407 \\
 Meteor           &        1.69998  \\
 MoverScore uni   &        0.753849 \\
 S2match          &       -0.225161 \\
 Smatch           &       -0.218884 \\
 WLK              &       -0.448944 \\
 WWLK             &       -0.105731 \\
 chrF++ Norm      &        0.378528 \\
\hline
\end{tabular}

Correlation Matrix (Overall):
-----------------------------
+------------------+--------------+--------------+--------+---------------+-------------+--------------------+--------+--------------+----------+----------------+-----------------+------------------+-----------+----------+--------+--------+
|                  |   Ann. Score |   BERT Score |   BLEU |   chrF++ Norm |   Glove LCG |   Glove LCG (Star) |    LCG |   LCG (Star) |   Meteor |   MF Score AMR |   MF Score Sent |   MoverScore uni |   S2match |   Smatch |    WLK |   WWLK |
+==================+==============+==============+========+===============+=============+====================+========+==============+==========+================+=================+==================+===========+==========+========+========+
| Ann. Score       |        1     |        0.058 | -0.051 |         0.09  |      -0.361 |             -0.052 |  0.229 |        0.104 |    0.322 |         -0.302 |          -0.218 |            0.062 |    -0.057 |   -0.057 | -0.17  | -0.047 |
+------------------+--------------+--------------+--------+---------------+-------------+--------------------+--------+--------------+----------+----------------+-----------------+------------------+-----------+----------+--------+--------+
| BERT Score       |        0.058 |        1     |  0.418 |         0.487 |       0.338 |              0.333 |  0.379 |        0.117 |    0.122 |          0.186 |           0.572 |            0.7   |     0.566 |    0.566 |  0.356 |  0.445 |
+------------------+--------------+--------------+--------+---------------+-------------+--------------------+--------+--------------+----------+----------------+-----------------+------------------+-----------+----------+--------+--------+
| BLEU             |       -0.051 |        0.418 |  1     |         0.881 |       0.307 |              0.116 |  0.352 |        0.326 |    0.139 |          0.333 |           0.761 |            0.562 |     0.832 |    0.832 |  0.838 |  0.816 |
+------------------+--------------+--------------+--------+---------------+-------------+--------------------+--------+--------------+----------+----------------+-----------------+------------------+-----------+----------+--------+--------+
| chrF++ Norm      |        0.09  |        0.487 |  0.881 |         1     |       0.17  |              0.115 |  0.304 |        0.346 |    0.139 |          0.296 |           0.758 |            0.681 |     0.821 |    0.821 |  0.765 |  0.76  |
+------------------+--------------+--------------+--------+---------------+-------------+--------------------+--------+--------------+----------+----------------+-----------------+------------------+-----------+----------+--------+--------+
| Glove LCG        |       -0.361 |        0.338 |  0.307 |         0.17  |       1     |              0.496 |  0.121 |        0.033 |    0.036 |          0.194 |           0.376 |            0.302 |     0.34  |    0.34  |  0.453 |  0.35  |
+------------------+--------------+--------------+--------+---------------+-------------+--------------------+--------+--------------+----------+----------------+-----------------+------------------+-----------+----------+--------+--------+
| Glove LCG (Star) |       -0.052 |        0.333 |  0.116 |         0.115 |       0.496 |              1     |  0.044 |        0.307 |    0.193 |         -0.269 |           0.105 |            0.131 |     0.113 |    0.113 |  0.232 |  0.173 |
+------------------+--------------+--------------+--------+---------------+-------------+--------------------+--------+--------------+----------+----------------+-----------------+------------------+-----------+----------+--------+--------+
| LCG              |        0.229 |        0.379 |  0.352 |         0.304 |       0.121 |              0.044 |  1     |        0.56  |    0.203 |         -0.061 |           0.266 |            0.241 |     0.34  |    0.34  |  0.139 |  0.24  |
+------------------+--------------+--------------+--------+---------------+-------------+--------------------+--------+--------------+----------+----------------+-----------------+------------------+-----------+----------+--------+--------+
| LCG (Star)       |        0.104 |        0.117 |  0.326 |         0.346 |       0.033 |              0.307 |  0.56  |        1     |   -0.088 |         -0.169 |           0.17  |            0.227 |     0.243 |    0.243 |  0.229 |  0.148 |
+------------------+--------------+--------------+--------+---------------+-------------+--------------------+--------+--------------+----------+----------------+-----------------+------------------+-----------+----------+--------+--------+
| Meteor           |        0.322 |        0.122 |  0.139 |         0.139 |       0.036 |              0.193 |  0.203 |       -0.088 |    1     |          0.02  |           0.174 |            0.22  |     0.246 |    0.246 |  0.115 |  0.3   |
+------------------+--------------+--------------+--------+---------------+-------------+--------------------+--------+--------------+----------+----------------+-----------------+------------------+-----------+----------+--------+--------+
| MF Score AMR     |       -0.302 |        0.186 |  0.333 |         0.296 |       0.194 |             -0.269 | -0.061 |       -0.169 |    0.02  |          1     |           0.62  |            0.359 |     0.493 |    0.493 |  0.313 |  0.343 |
+------------------+--------------+--------------+--------+---------------+-------------+--------------------+--------+--------------+----------+----------------+-----------------+------------------+-----------+----------+--------+--------+
| MF Score Sent    |       -0.218 |        0.572 |  0.761 |         0.758 |       0.376 |              0.105 |  0.266 |        0.17  |    0.174 |          0.62  |           1     |            0.799 |     0.94  |    0.94  |  0.761 |  0.846 |
+------------------+--------------+--------------+--------+---------------+-------------+--------------------+--------+--------------+----------+----------------+-----------------+------------------+-----------+----------+--------+--------+
| MoverScore uni   |        0.062 |        0.7   |  0.562 |         0.681 |       0.302 |              0.131 |  0.241 |        0.227 |    0.22  |          0.359 |           0.799 |            1     |     0.836 |    0.836 |  0.549 |  0.632 |
+------------------+--------------+--------------+--------+---------------+-------------+--------------------+--------+--------------+----------+----------------+-----------------+------------------+-----------+----------+--------+--------+
| S2match          |       -0.057 |        0.566 |  0.832 |         0.821 |       0.34  |              0.113 |  0.34  |        0.243 |    0.246 |          0.493 |           0.94  |            0.836 |     1     |    1     |  0.803 |  0.88  |
+------------------+--------------+--------------+--------+---------------+-------------+--------------------+--------+--------------+----------+----------------+-----------------+------------------+-----------+----------+--------+--------+
| Smatch           |       -0.057 |        0.566 |  0.832 |         0.821 |       0.34  |              0.113 |  0.34  |        0.243 |    0.246 |          0.493 |           0.94  |            0.836 |     1     |    1     |  0.803 |  0.88  |
+------------------+--------------+--------------+--------+---------------+-------------+--------------------+--------+--------------+----------+----------------+-----------------+------------------+-----------+----------+--------+--------+
| WLK              |       -0.17  |        0.356 |  0.838 |         0.765 |       0.453 |              0.232 |  0.139 |        0.229 |    0.115 |          0.313 |           0.761 |            0.549 |     0.803 |    0.803 |  1     |  0.93  |
+------------------+--------------+--------------+--------+---------------+-------------+--------------------+--------+--------------+----------+----------------+-----------------+------------------+-----------+----------+--------+--------+
| WWLK             |       -0.047 |        0.445 |  0.816 |         0.76  |       0.35  |              0.173 |  0.24  |        0.148 |    0.3   |          0.343 |           0.846 |            0.632 |     0.88  |    0.88  |  0.93  |  1     |
+------------------+--------------+--------------+--------+---------------+-------------+--------------------+--------+--------------+----------+----------------+-----------------+------------------+-----------+----------+--------+--------+

===================================================================================================================================

----------------
   Adjectives
----------------

Average Scores:
---------------
Average Semantic Relatedness: 0.855 (-0.036)

Tested Score (Glove LCG): 0.283

Tested Score (Glove LCG (Star)): 0.79

Tested Score (LCG): -0.108

Tested Score (LCG (Star)): 0.6

\begin{tabular}{lr}
\hline
 Metric           &   Average Score \\
\hline
 Ann. Score       &       0.854745  \\
 BERT Score       &       0.910592  \\
 BLEU             &       0.917887  \\
 Glove LCG        &       0.282556  \\
 Glove LCG (Star) &       0.789659  \\
 LCG              &      -0.107926  \\
 LCG (Star)       &       0.600364  \\
 MF Score AMR     &       0.0077764 \\
 MF Score Sent    &       0.369388  \\
 Meteor           &       1.87179   \\
 MoverScore uni   &       0.947646  \\
 S2match          &       0.26756   \\
 Smatch           &       0.270727  \\
 WLK              &       0.251907  \\
 WWLK             &       0.581604  \\
 chrF++ Norm      &       0.619467  \\
\hline
\end{tabular}

Correlation Matrix:
-------------------
+------------------+--------------+--------------+--------+---------------+-------------+--------------------+--------+--------------+----------+----------------+-----------------+------------------+-----------+----------+--------+--------+
|                  |   Ann. Score |   BERT Score |   BLEU |   chrF++ Norm |   Glove LCG |   Glove LCG (Star) |    LCG |   LCG (Star) |   Meteor |   MF Score AMR |   MF Score Sent |   MoverScore uni |   S2match |   Smatch |    WLK |   WWLK |
+==================+==============+==============+========+===============+=============+====================+========+==============+==========+================+=================+==================+===========+==========+========+========+
| Ann. Score       |        1     |       -0.481 | -0.236 |        -0.434 |      -0.624 |              0.196 | -0.169 |       -0.151 |    0.027 |         -0.237 |          -0.352 |           -0.178 |    -0.391 |   -0.391 | -0.431 | -0.241 |
+------------------+--------------+--------------+--------+---------------+-------------+--------------------+--------+--------------+----------+----------------+-----------------+------------------+-----------+----------+--------+--------+
| BERT Score       |       -0.481 |        1     |  0.254 |         0.218 |       0.067 |             -0.133 |  0.617 |       -0.017 |    0.41  |          0.126 |           0.65  |            0.6   |     0.723 |    0.723 |  0.294 |  0.517 |
+------------------+--------------+--------------+--------+---------------+-------------+--------------------+--------+--------------+----------+----------------+-----------------+------------------+-----------+----------+--------+--------+
| BLEU             |       -0.236 |        0.254 |  1     |         0.749 |       0     |              0.475 |  0.509 |        0.814 |    0.519 |         -0.315 |           0.464 |            0.136 |     0.479 |    0.479 |  0.624 |  0.593 |
+------------------+--------------+--------------+--------+---------------+-------------+--------------------+--------+--------------+----------+----------------+-----------------+------------------+-----------+----------+--------+--------+
| chrF++ Norm      |       -0.434 |        0.218 |  0.749 |         1     |       0.192 |              0.36  |  0.092 |        0.636 |    0.462 |         -0.315 |           0.441 |            0.293 |     0.511 |    0.511 |  0.966 |  0.778 |
+------------------+--------------+--------------+--------+---------------+-------------+--------------------+--------+--------------+----------+----------------+-----------------+------------------+-----------+----------+--------+--------+
| Glove LCG        |       -0.624 |        0.067 |  0     |         0.192 |       1     |             -0.017 |  0.2   |        0.017 |    0.109 |          0.594 |           0.405 |            0.1   |     0.303 |    0.303 |  0.286 |  0.067 |
+------------------+--------------+--------------+--------+---------------+-------------+--------------------+--------+--------------+----------+----------------+-----------------+------------------+-----------+----------+--------+--------+
| Glove LCG (Star) |        0.196 |       -0.133 |  0.475 |         0.36  |      -0.017 |              1     |  0.117 |        0.733 |    0.109 |         -0.159 |          -0.051 |           -0.417 |    -0.168 |   -0.168 |  0.345 |  0.05  |
+------------------+--------------+--------------+--------+---------------+-------------+--------------------+--------+--------------+----------+----------------+-----------------+------------------+-----------+----------+--------+--------+
| LCG              |       -0.169 |        0.617 |  0.509 |         0.092 |       0.2   |              0.117 |  1     |        0.333 |    0.444 |          0.033 |           0.633 |            0.35  |     0.597 |    0.597 |  0.101 |  0.283 |
+------------------+--------------+--------------+--------+---------------+-------------+--------------------+--------+--------------+----------+----------------+-----------------+------------------+-----------+----------+--------+--------+
| LCG (Star)       |       -0.151 |       -0.017 |  0.814 |         0.636 |       0.017 |              0.733 |  0.333 |        1     |    0.109 |         -0.477 |           0.093 |           -0.233 |     0.034 |    0.034 |  0.529 |  0.217 |
+------------------+--------------+--------------+--------+---------------+-------------+--------------------+--------+--------------+----------+----------------+-----------------+------------------+-----------+----------+--------+--------+
| Meteor           |        0.027 |        0.41  |  0.519 |         0.462 |       0.109 |              0.109 |  0.444 |        0.109 |    1     |          0.252 |           0.881 |            0.753 |     0.844 |    0.844 |  0.532 |  0.845 |
+------------------+--------------+--------------+--------+---------------+-------------+--------------------+--------+--------------+----------+----------------+-----------------+------------------+-----------+----------+--------+--------+
| MF Score AMR     |       -0.237 |        0.126 | -0.315 |        -0.315 |       0.594 |             -0.159 |  0.033 |       -0.477 |    0.252 |          1     |           0.373 |            0.167 |     0.219 |    0.219 | -0.194 | -0.067 |
+------------------+--------------+--------------+--------+---------------+-------------+--------------------+--------+--------------+----------+----------------+-----------------+------------------+-----------+----------+--------+--------+
| MF Score Sent    |       -0.352 |        0.65  |  0.464 |         0.441 |       0.405 |             -0.051 |  0.633 |        0.093 |    0.881 |          0.373 |           1     |            0.827 |     0.953 |    0.953 |  0.54  |  0.785 |
+------------------+--------------+--------------+--------+---------------+-------------+--------------------+--------+--------------+----------+----------------+-----------------+------------------+-----------+----------+--------+--------+
| MoverScore uni   |       -0.178 |        0.6   |  0.136 |         0.293 |       0.1   |             -0.417 |  0.35  |       -0.233 |    0.753 |          0.167 |           0.827 |            1     |     0.857 |    0.857 |  0.42  |  0.767 |
+------------------+--------------+--------------+--------+---------------+-------------+--------------------+--------+--------------+----------+----------------+-----------------+------------------+-----------+----------+--------+--------+
| S2match          |       -0.391 |        0.723 |  0.479 |         0.511 |       0.303 |             -0.168 |  0.597 |        0.034 |    0.844 |          0.219 |           0.953 |            0.857 |     1     |    1     |  0.585 |  0.866 |
+------------------+--------------+--------------+--------+---------------+-------------+--------------------+--------+--------------+----------+----------------+-----------------+------------------+-----------+----------+--------+--------+
| Smatch           |       -0.391 |        0.723 |  0.479 |         0.511 |       0.303 |             -0.168 |  0.597 |        0.034 |    0.844 |          0.219 |           0.953 |            0.857 |     1     |    1     |  0.585 |  0.866 |
+------------------+--------------+--------------+--------+---------------+-------------+--------------------+--------+--------------+----------+----------------+-----------------+------------------+-----------+----------+--------+--------+
| WLK              |       -0.431 |        0.294 |  0.624 |         0.966 |       0.286 |              0.345 |  0.101 |        0.529 |    0.532 |         -0.194 |           0.54  |            0.42  |     0.585 |    0.585 |  1     |  0.824 |
+------------------+--------------+--------------+--------+---------------+-------------+--------------------+--------+--------------+----------+----------------+-----------------+------------------+-----------+----------+--------+--------+
| WWLK             |       -0.241 |        0.517 |  0.593 |         0.778 |       0.067 |              0.05  |  0.283 |        0.217 |    0.845 |         -0.067 |           0.785 |            0.767 |     0.866 |    0.866 |  0.824 |  1     |
+------------------+--------------+--------------+--------+---------------+-------------+--------------------+--------+--------------+----------+----------------+-----------------+------------------+-----------+----------+--------+--------+


Scores for Individual Test Cases:
=================================

D465sick
---------

A surfer is surfing a big wave                      A surfer is surfing a huge wave

# ::id 465                                          # ::id 465
# ::humancorrect=True                               # ::humancorrect=True
(xv0 / surf-01                                      (xv0 / surf-01
      :ARG0 (xv2 / person                                 :ARG0 (xv2 / person
            :ARG0-of (xv4 / surf-01))                           :ARG0-of (xv4 / surf-01))
      :ARG1 (xv1 / wave                                   :ARG1 (xv1 / wave
            :mod (xv3 / big)))                                  :mod (xv3 / huge)))

Scores:
-------
Semantic Relatedness Score:     4.9 (0.975)

Ann. Score                     ---  1.02
BERT Score                     ---  1.042
BLEU                           ---  0.378
Glove LCG                      ---  0.195
Glove LCG (Star)               ---  0.807
LCG                            ---  -0.812
LCG (Star)                     ---  -0.316
MF Score AMR                   ---  0.657
MF Score Sent                  ---  0.207
Meteor                         ---  2.131
MoverScore uni                 ---  0.797
S2match                        ---  0.05
Smatch                         ---  0.054
WLK                            ---  -0.138
WWLK                           ---  0.498
chrF++ Norm                    ---  0.01

---------------------------------------------------------------------------------------------------
T45sick
---------

A little girl is looking at a woman in costume      A young girl is looking at a woman in costume

# ::id 45                                           # ::id 45
# ::humancorrect=True                               # ::humancorrect=True
(xv0 / look-01                                      (xv0 / look-01
      :ARG0 (xv2 / girl                                   :ARG0 (xv2 / girl
            :mod (xv4 / little))                                :mod (xv4 / young))
      :ARG1 (xv1 / woman                                  :ARG1 (xv1 / woman
            :ARG1-of (xv3 / costume-01)))                       :ARG1-of (xv3 / costume-01)))

Scores:
-------
Semantic Relatedness Score:     4.7 (0.925)

Ann. Score                     ---  0.723
BERT Score                     ---  1.039
BLEU                           ---  0.929
Glove LCG                      ---  0.343
Glove LCG (Star)               ---  0.755
LCG                            ---  0.251
LCG (Star)                     ---  0.693
MF Score AMR                   ---  0.657
MF Score Sent                  ---  0.207
Meteor                         ---  -0.299
MoverScore uni                 ---  0.758
S2match                        ---  0.05
Smatch                         ---  0.054
WLK                            ---  -0.138
WWLK                           ---  0.176
chrF++ Norm                    ---  0.41

---------------------------------------------------------------------------------------------------
T3267sick
---------

A little child in a pink sweater is climbing        A small child in a pink sweater is climbing
a concrete staircase                                a concrete staircase

# ::id 3267                                         # ::id 3267
# ::humancorrect=True                               # ::humancorrect=True
(xv0 / climb-01                                     (xv0 / climb-01
      :ARG0 (xv2 / child                                  :ARG0 (xv2 / child
            :mod (xv4 / little)                                 :mod (xv4 / small)
            :ARG0-of (xv5 / wear-01                             :ARG0-of (xv5 / wear-01
                  :ARG1 (xv6 / sweater                                :ARG1 (xv6 / sweater
                        :ARG1-of (xv7 / pink))))                            :ARG1-of (xv7 / pink))))
      :ARG1 (xv1 / staircase                              :ARG1 (xv1 / staircase
            :ARG1-of (xv3 / concrete-02)))                      :ARG1-of (xv3 / concrete-02)))

Scores:
-------
Semantic Relatedness Score:     4.8 (0.95)

Ann. Score                     ---  0.871
BERT Score                     ---  1.091
BLEU                           ---  1.103
Glove LCG                      ---  0.219
Glove LCG (Star)               ---  0.814
LCG                            ---  0.576
LCG (Star)                     ---  0.832
MF Score AMR                   ---  -0.055
MF Score Sent                  ---  0.55
Meteor                         ---  2.613
MoverScore uni                 ---  1.269
S2match                        ---  0.417
Smatch                         ---  0.419
WLK                            ---  0.367
WWLK                           ---  0.706
chrF++ Norm                    ---  0.783

---------------------------------------------------------------------------------------------------
T3876sick
---------

A small black dog is wearing a red collar           A little black dog is wearing a red collar
and is in the leaves with a blue ball               and is in the leaves with a blue ball

# ::id 3876                                         # ::id 3876
# ::humancorrect=True                               # ::humancorrect=True
(xv0 / and                                          (xv0 / and
      :op1 (xv1 / wear-01                                 :op1 (xv1 / wear-01
            :ARG0 (xv5 / dog                                    :ARG0 (xv5 / dog
                  :mod (xv9 / small)                                  :mod (xv9 / little)
                  :ARG1-of (xv10 / black-04))                         :ARG1-of (xv10 / black-04))
            :ARG1 (xv4 / collar                                 :ARG1 (xv4 / collar
                  :ARG1-of (xv8 / red-02)))                           :ARG1-of (xv8 / red-02)))
      :op2 (xv3 / be-located-at-91                        :op2 (xv3 / be-located-at-91
            :ARG1 xv5                                           :ARG1 xv5
            :ARG2 (xv6 / leaf)                                  :ARG2 (xv6 / leaf)
            :accompanier (xv7 / ball                            :accompanier (xv7 / ball
                  :mod (xv2 / blue))))                                :mod (xv2 / blue))))

Scores:
-------
Semantic Relatedness Score:     4.7 (0.925)

Ann. Score                     ---  0.723
BERT Score                     ---  1.143
BLEU                           ---  1.361
Glove LCG                      ---  0.355
Glove LCG (Star)               ---  0.82
LCG                            ---  0.534
LCG (Star)                     ---  0.827
MF Score AMR                   ---  0.728
MF Score Sent                  ---  0.722
Meteor                         ---  2.65
MoverScore uni                 ---  1.106
S2match                        ---  0.6
Smatch                         ---  0.602
WLK                            ---  0.611
WWLK                           ---  0.862
chrF++ Norm                    ---  0.981

---------------------------------------------------------------------------------------------------
T3938sick
---------

A little boy with a bib is watching the camera      A young boy with a bib is watching the camera

# ::id 3938                                         # ::id 3938
# ::humancorrect=True                               # ::humancorrect=True
(xv0 / watch-01                                     (xv0 / watch-01
      :ARG0 (xv1 / boy                                    :ARG0 (xv1 / boy
            :mod (xv5 / little)                                 :mod (xv5 / young)
            :ARG0-of (xv4 / have-03                             :ARG0-of (xv4 / have-03
                  :ARG1 (xv2 / bib)))                                 :ARG1 (xv2 / bib)))
      :ARG1 (xv3 / camera))                               :ARG1 (xv3 / camera))

Scores:
-------
Semantic Relatedness Score:     4.8 (0.95)

Ann. Score                     ---  0.871
BERT Score                     ---  1.068
BLEU                           ---  0.929
Glove LCG                      ---  0.355
Glove LCG (Star)               ---  0.819
LCG                            ---  0.585
LCG (Star)                     ---  0.824
MF Score AMR                   ---  0.133
MF Score Sent                  ---  0.36
Meteor                         ---  2.054
MoverScore uni                 ---  0.776
S2match                        ---  0.214
Smatch                         ---  0.217
WLK                            ---  0.062
WWLK                           ---  0.362
chrF++ Norm                    ---  0.41

---------------------------------------------------------------------------------------------------
T3963sick
---------

A black and white dog is playing with a             A black and white dog is playing with a
ruined volleyball in a brown field                  tattered volleyball in a brown field

# ::id 3963                                         # ::id 3963
# ::humancorrect=True                               # ::humancorrect=True
(xv0 / play-01                                      (xv0 / play-01
      :ARG0 (xv2 / dog                                    :ARG0 (xv2 / dog
            :ARG1-of (xv8 / and                                 :ARG1-of (xv8 / and
                  :op1 (xv5 / white-03)                               :op1 (xv5 / white-03)
                  :op2 (xv6 / black-04)))                             :op2 (xv6 / black-04)))
      :ARG1 (xv1 / volleyball                             :ARG1 (xv1 / volleyball
            :ARG1-of (xv4 / ruin-01))                           :ARG0-of (xv4 / tattered))
      :location (xv3 / field                              :location (xv3 / field
            :mod (xv7 / brown)))                                :mod (xv7 / brown)))

Scores:
-------
Semantic Relatedness Score:     4.8 (0.95)

Ann. Score                     ---  0.871
BERT Score                     ---  -0.099
BLEU                           ---  0.999
Glove LCG                      ---  0.231
Glove LCG (Star)               ---  0.852
LCG                            ---  -2.028
LCG (Star)                     ---  0.842
MF Score AMR                   ---  -1.37
MF Score Sent                  ---  -0.02
Meteor                         ---  0.068
MoverScore uni                 ---  0.438
S2match                        ---  -0.057
Smatch                         ---  -0.052
WLK                            ---  0.495
WWLK                           ---  0.551
chrF++ Norm                    ---  0.854

---------------------------------------------------------------------------------------------------
T4102sick
---------

Several people are sitting at little tables in a darkened room  Several people are sitting at small tables in a darkened room

# ::id 4102                                         # ::id 4102
# ::humancorrect=True                               # ::humancorrect=True
(xv0 / sit-01                                       (xv0 / sit-01
      :ARG1 (xv1 / person                                 :ARG1 (xv1 / person
            :quant (xv4 / several))                             :quant (xv4 / several))
      :ARG2 (xv2 / table                                  :ARG2 (xv2 / table
            :mod (xv5 / little))                                :mod (xv5 / small))
      :location (xv3 / room                               :location (xv3 / room
            :ARG1-of (xv6 / darken-01)))                        :ARG1-of (xv6 / darken-01)))

Scores:
-------
Semantic Relatedness Score:     4.8 (0.95)

Ann. Score                     ---  0.871
BERT Score                     ---  0.841
BLEU                           ---  0.608
Glove LCG                      ---  0.365
Glove LCG (Star)               ---  0.772
LCG                            ---  -0.736
LCG (Star)                     ---  0.346
MF Score AMR                   ---  0.884
MF Score Sent                  ---  0.469
Meteor                         ---  2.596
MoverScore uni                 ---  1.167
S2match                        ---  0.33
Smatch                         ---  0.333
WLK                            ---  0.275
WWLK                           ---  0.617
chrF++ Norm                    ---  0.578

---------------------------------------------------------------------------------------------------
T4515sick
---------

A small brown and white dog is running on the sidewalk  A little brown and white dog is running on the sidewalk

# ::id 4515                                         # ::id 4515
# ::humancorrect=True                               # ::humancorrect=True
(xv0 / run-02                                       (xv0 / run-02
      :ARG0 (xv1 / dog                                    :ARG0 (xv1 / dog
            :mod (xv3 / small)                                  :mod (xv3 / little)
            :mod (xv6 / and                                     :mod (xv6 / and
                  :op1 (xv4 / brown)                                  :op1 (xv4 / brown)
                  :op2 (xv5 / white-03)))                             :op2 (xv5 / white-03)))
      :location (xv2 / sidewalk))                         :location (xv2 / sidewalk))

Scores:
-------
Semantic Relatedness Score:     4.9 (0.975)

Ann. Score                     ---  1.02
BERT Score                     ---  0.853
BLEU                           ---  1.026
Glove LCG                      ---  0.213
Glove LCG (Star)               ---  0.785
LCG                            ---  0.33
LCG (Star)                     ---  0.73
MF Score AMR                   ---  -1.025
MF Score Sent                  ---  0.36
Meteor                         ---  2.596
MoverScore uni                 ---  0.866
S2match                        ---  0.33
Smatch                         ---  0.333
WLK                            ---  0.238
WWLK                           ---  0.624
chrF++ Norm                    ---  0.697

---------------------------------------------------------------------------------------------------
T4781sick
---------

A black and white dog is carrying a big             A black and white dog is carrying a huge
stick on the green grass                            stick on the green grass

# ::id 4781                                         # ::id 4781
# ::humancorrect=True                               # ::humancorrect=True
(xv0 / carry-01                                     (xv0 / carry-01
      :ARG0 (xv3 / dog                                    :ARG0 (xv3 / dog
            :ARG1-of (xv8 / and                                 :ARG1-of (xv8 / and
                  :op1 (xv7 / white-03)                               :op1 (xv7 / white-03)
                  :op2 (xv2 / black-04)))                             :op2 (xv2 / black-04)))
      :ARG1 (xv6 / stick                                  :ARG1 (xv6 / stick
            :mod (xv1 / big))                                   :mod (xv1 / huge))
      :location (xv4 / grass                              :location (xv4 / grass
            :ARG1-of (xv5 / green-02)))                         :ARG1-of (xv5 / green-02)))

Scores:
-------
Semantic Relatedness Score:     4.7 (0.925)

Ann. Score                     ---  0.723
BERT Score                     ---  1.216
BLEU                           ---  0.929
Glove LCG                      ---  0.266
Glove LCG (Star)               ---  0.685
LCG                            ---  0.328
LCG (Star)                     ---  0.626
MF Score AMR                   ---  -0.54
MF Score Sent                  ---  0.469
Meteor                         ---  2.438
MoverScore uni                 ---  1.351
S2match                        ---  0.475
Smatch                         ---  0.477
WLK                            ---  0.495
WWLK                           ---  0.839
chrF++ Norm                    ---  0.852

---------------------------------------------------------------------------------------------------


------------------------------------------------------

-----------
   Nouns
-----------

Average Scores:
---------------
Average Semantic Relatedness: 0.797 (-0.051)

Tested Score (Glove LCG): 0.225

Tested Score (Glove LCG (Star)): 0.697

Tested Score (LCG): 0.362

Tested Score (LCG (Star)): 0.549

\begin{tabular}{lr}
\hline
 Metric           &   Average Score \\
\hline
 Ann. Score       &      0.796999   \\
 BERT Score       &      0.849824   \\
 BLEU             &      0.805474   \\
 Glove LCG        &      0.225488   \\
 Glove LCG (Star) &      0.696522   \\
 LCG              &      0.36195    \\
 LCG (Star)       &      0.548686   \\
 MF Score AMR     &     -0.156606   \\
 MF Score Sent    &      0.00294448 \\
 Meteor           &      1.55541    \\
 MoverScore uni   &      0.641128   \\
 S2match          &      0.150073   \\
 Smatch           &      0.153982   \\
 WLK              &     -0.244071   \\
 WWLK             &      0.1112     \\
 chrF++ Norm      &      0.430412   \\
\hline
\end{tabular}

Correlation Matrix:
-------------------
+------------------+--------------+--------------+--------+---------------+-------------+--------------------+--------+--------------+----------+----------------+-----------------+------------------+-----------+----------+--------+--------+
|                  |   Ann. Score |   BERT Score |   BLEU |   chrF++ Norm |   Glove LCG |   Glove LCG (Star) |    LCG |   LCG (Star) |   Meteor |   MF Score AMR |   MF Score Sent |   MoverScore uni |   S2match |   Smatch |    WLK |   WWLK |
+==================+==============+==============+========+===============+=============+====================+========+==============+==========+================+=================+==================+===========+==========+========+========+
| Ann. Score       |        1     |        0.189 |  0.214 |         0.308 |      -0.107 |              0.164 |  0.076 |        0.308 |    0.573 |         -0.466 |          -0.177 |            0.384 |     0.419 |    0.419 |  0.279 |  0.208 |
+------------------+--------------+--------------+--------+---------------+-------------+--------------------+--------+--------------+----------+----------------+-----------------+------------------+-----------+----------+--------+--------+
| BERT Score       |        0.189 |        1     |  0.503 |         0.564 |       0.539 |              0.745 |  0.43  |        0.782 |   -0.091 |         -0.091 |           0.565 |            0.782 |     0.654 |    0.654 |  0.366 |  0.358 |
+------------------+--------------+--------------+--------+---------------+-------------+--------------------+--------+--------------+----------+----------------+-----------------+------------------+-----------+----------+--------+--------+
| BLEU             |        0.214 |        0.503 |  1     |         0.915 |       0.152 |              0.139 |  0.685 |        0.648 |   -0.268 |          0.236 |           0.711 |            0.576 |     0.862 |    0.862 |  0.909 |  0.903 |
+------------------+--------------+--------------+--------+---------------+-------------+--------------------+--------+--------------+----------+----------------+-----------------+------------------+-----------+----------+--------+--------+
| chrF++ Norm      |        0.308 |        0.564 |  0.915 |         1     |       0.103 |              0.236 |  0.624 |        0.721 |   -0.098 |          0.176 |           0.79  |            0.77  |     0.942 |    0.942 |  0.896 |  0.915 |
+------------------+--------------+--------------+--------+---------------+-------------+--------------------+--------+--------------+----------+----------------+-----------------+------------------+-----------+----------+--------+--------+
| Glove LCG        |       -0.107 |        0.539 |  0.152 |         0.103 |       1     |              0.285 |  0.382 |        0.261 |   -0.549 |         -0.091 |           0.365 |            0.382 |     0.092 |    0.092 |  0.024 | -0.079 |
+------------------+--------------+--------------+--------+---------------+-------------+--------------------+--------+--------------+----------+----------------+-----------------+------------------+-----------+----------+--------+--------+
| Glove LCG (Star) |        0.164 |        0.745 |  0.139 |         0.236 |       0.285 |              1     |  0.321 |        0.527 |    0.226 |         -0.491 |           0.31  |            0.358 |     0.404 |    0.404 |  0.006 |  0.103 |
+------------------+--------------+--------------+--------+---------------+-------------+--------------------+--------+--------------+----------+----------------+-----------------+------------------+-----------+----------+--------+--------+
