--------------------------
	 Partial Synonymy
--------------------------

SICK Data Set
=============

Number of Test Cases: 26
---------------------

Semantic Relatedness Statistics:
--------------------------------
Mean:                 4.79 (0.95)
Median:                4.8 (0.95)
Standard deviation:   0.14 (0.03)
Standard error:       0.03 (0.01)


Average Scores (Overall):
-------------------------
Average Semantic Relatedness: 0.941 (-0.015)

+------------+-----------------+
| Metric     |   Average Score |
+============+=================+
| Ann. Score |        0.940659 |
+------------+-----------------+
| BERT Score |        0.925224 |
+------------+-----------------+
| BLEU       |        0.733777 |
+------------+-----------------+
| Meteor     |        0.807983 |
+------------+-----------------+
| S2match    |        0.828769 |
+------------+-----------------+
| Smatch     |        0.828769 |
+------------+-----------------+
| WLK        |        0.614342 |
+------------+-----------------+
| WWLK       |        0.733891 |
+------------+-----------------+
| chrF++     |        0.798406 |
+------------+-----------------+

Correlation Matrix (Overall):
-----------------------------
+------------+--------------+--------------+--------+----------+----------+-----------+----------+--------+--------+
|            |   Ann. Score |   BERT Score |   BLEU |   chrF++ |   Meteor |   S2match |   Smatch |    WLK |   WWLK |
+============+==============+==============+========+==========+==========+===========+==========+========+========+
| Ann. Score |        1     |        0.058 | -0.051 |    0.09  |    0.322 |    -0.057 |   -0.057 | -0.17  | -0.047 |
+------------+--------------+--------------+--------+----------+----------+-----------+----------+--------+--------+
| BERT Score |        0.058 |        1     |  0.418 |    0.487 |    0.122 |     0.566 |    0.566 |  0.356 |  0.445 |
+------------+--------------+--------------+--------+----------+----------+-----------+----------+--------+--------+
| BLEU       |       -0.051 |        0.418 |  1     |    0.881 |    0.139 |     0.832 |    0.832 |  0.838 |  0.816 |
+------------+--------------+--------------+--------+----------+----------+-----------+----------+--------+--------+
| chrF++     |        0.09  |        0.487 |  0.881 |    1     |    0.139 |     0.821 |    0.821 |  0.765 |  0.76  |
+------------+--------------+--------------+--------+----------+----------+-----------+----------+--------+--------+
| Meteor     |        0.322 |        0.122 |  0.139 |    0.139 |    1     |     0.246 |    0.246 |  0.115 |  0.3   |
+------------+--------------+--------------+--------+----------+----------+-----------+----------+--------+--------+
| S2match    |       -0.057 |        0.566 |  0.832 |    0.821 |    0.246 |     1     |    1     |  0.803 |  0.88  |
+------------+--------------+--------------+--------+----------+----------+-----------+----------+--------+--------+
| Smatch     |       -0.057 |        0.566 |  0.832 |    0.821 |    0.246 |     1     |    1     |  0.803 |  0.88  |
+------------+--------------+--------------+--------+----------+----------+-----------+----------+--------+--------+
| WLK        |       -0.17  |        0.356 |  0.838 |    0.765 |    0.115 |     0.803 |    0.803 |  1     |  0.93  |
+------------+--------------+--------------+--------+----------+----------+-----------+----------+--------+--------+
| WWLK       |       -0.047 |        0.445 |  0.816 |    0.76  |    0.3   |     0.88  |    0.88  |  0.93  |  1     |
+------------+--------------+--------------+--------+----------+----------+-----------+----------+--------+--------+

===================================================================================================================================

