-----------------
	 Passive
-----------------

SICK Data Set
=============

Number of Test Cases: 78
---------------------

Semantic Relatedness Statistics:
--------------------------------
Mean:                 4.92 (0.98)
Median:                4.9 (0.98)
Standard deviation:    0.1 (0.03)
Standard error:       0.01 (0.0)


Average Scores (Overall):
-------------------------
Average Semantic Relatedness: 0.976 (-0.006)

+------------+-----------------+
| Metric     |   Average Score |
+============+=================+
| Ann. Score |        0.975824 |
+------------+-----------------+
| BERT Score |        0.512182 |
+------------+-----------------+
| BLEU       |        0.107625 |
+------------+-----------------+
| Meteor     |        0.258156 |
+------------+-----------------+
| S2match    |        0.995179 |
+------------+-----------------+
| Smatch     |        0.995179 |
+------------+-----------------+
| WLK        |        0.992988 |
+------------+-----------------+
| WWLK       |        0.993803 |
+------------+-----------------+
| chrF++     |        0.339251 |
+------------+-----------------+

Correlation Matrix (Overall):
-----------------------------
+------------+--------------+--------------+--------+----------+----------+-----------+----------+--------+--------+
|            |   Ann. Score |   BERT Score |   BLEU |   chrF++ |   Meteor |   S2match |   Smatch |    WLK |   WWLK |
+============+==============+==============+========+==========+==========+===========+==========+========+========+
| Ann. Score |        1     |       -0.104 | -0.08  |   -0.122 |   -0.079 |     0.027 |    0.027 |  0.027 |  0.027 |
+------------+--------------+--------------+--------+----------+----------+-----------+----------+--------+--------+
| BERT Score |       -0.104 |        1     |  0.554 |    0.565 |    0.225 |    -0.181 |   -0.181 | -0.181 | -0.181 |
+------------+--------------+--------------+--------+----------+----------+-----------+----------+--------+--------+
| BLEU       |       -0.08  |        0.554 |  1     |    0.849 |    0.469 |    -0.166 |   -0.166 | -0.166 | -0.166 |
+------------+--------------+--------------+--------+----------+----------+-----------+----------+--------+--------+
| chrF++     |       -0.122 |        0.565 |  0.849 |    1     |    0.314 |    -0.192 |   -0.192 | -0.192 | -0.192 |
+------------+--------------+--------------+--------+----------+----------+-----------+----------+--------+--------+
| Meteor     |       -0.079 |        0.225 |  0.469 |    0.314 |    1     |    -0.098 |   -0.098 | -0.098 | -0.098 |
+------------+--------------+--------------+--------+----------+----------+-----------+----------+--------+--------+
| S2match    |        0.027 |       -0.181 | -0.166 |   -0.192 |   -0.098 |     1     |    1     |  1     |  1     |
+------------+--------------+--------------+--------+----------+----------+-----------+----------+--------+--------+
| Smatch     |        0.027 |       -0.181 | -0.166 |   -0.192 |   -0.098 |     1     |    1     |  1     |  1     |
+------------+--------------+--------------+--------+----------+----------+-----------+----------+--------+--------+
| WLK        |        0.027 |       -0.181 | -0.166 |   -0.192 |   -0.098 |     1     |    1     |  1     |  1     |
+------------+--------------+--------------+--------+----------+----------+-----------+----------+--------+--------+
| WWLK       |        0.027 |       -0.181 | -0.166 |   -0.192 |   -0.098 |     1     |    1     |  1     |  1     |
+------------+--------------+--------------+--------+----------+----------+-----------+----------+--------+--------+

===================================================================================================================================

