------------------------
	 Semantic Roles
------------------------

SICK Data Set
=============

Number of Test Cases: 8
---------------------

Semantic Relatedness Statistics:
--------------------------------
Mean:                  3.6 (0.65)
Median:               3.65 (0.66)
Standard deviation:   0.27 (0.07)
Standard error:        0.1 (0.02)


Average Scores (Overall):
-------------------------
Average Semantic Relatedness: 0.6 (-0.1)

+------------+-----------------+
| Metric     |   Average Score |
+============+=================+
| Ann. Score |        0.6      |
+------------+-----------------+
| BERT Score |        0.725618 |
+------------+-----------------+
| BLEU       |        0.297808 |
+------------+-----------------+
| Meteor     |        0.414657 |
+------------+-----------------+
| S2match    |        0.647333 |
+------------+-----------------+
| Smatch     |        0.647333 |
+------------+-----------------+
| WLK        |        0.524566 |
+------------+-----------------+
| WWLK       |        0.935769 |
+------------+-----------------+
| chrF++     |        0.66923  |
+------------+-----------------+

Correlation Matrix (Overall):
-----------------------------
+------------+--------------+--------------+--------+----------+----------+-----------+----------+--------+--------+
|            |   Ann. Score |   BERT Score |   BLEU |   chrF++ |   Meteor |   S2match |   Smatch |    WLK |   WWLK |
+============+==============+==============+========+==========+==========+===========+==========+========+========+
| Ann. Score |        1     |       -0.458 |  0.093 |    0.012 |   -0.242 |    -0.165 |   -0.165 | -0.093 | -0.277 |
+------------+--------------+--------------+--------+----------+----------+-----------+----------+--------+--------+
| BERT Score |       -0.458 |        1     |  0.282 |    0.143 |    0.577 |     0.1   |    0.1   |  0.012 |  0.881 |
+------------+--------------+--------------+--------+----------+----------+-----------+----------+--------+--------+
| BLEU       |        0.093 |        0.282 |  1     |    0.663 |    0.595 |    -0.206 |   -0.206 | -0.089 |  0.086 |
+------------+--------------+--------------+--------+----------+----------+-----------+----------+--------+--------+
| chrF++     |        0.012 |        0.143 |  0.663 |    1     |    0.54  |    -0.175 |   -0.175 | -0.123 |  0.167 |
+------------+--------------+--------------+--------+----------+----------+-----------+----------+--------+--------+
| Meteor     |       -0.242 |        0.577 |  0.595 |    0.54  |    1     |     0.206 |    0.206 |  0.266 |  0.282 |
+------------+--------------+--------------+--------+----------+----------+-----------+----------+--------+--------+
| S2match    |       -0.165 |        0.1   | -0.206 |   -0.175 |    0.206 |     1     |    1     |  0.981 |  0.1   |
+------------+--------------+--------------+--------+----------+----------+-----------+----------+--------+--------+
| Smatch     |       -0.165 |        0.1   | -0.206 |   -0.175 |    0.206 |     1     |    1     |  0.981 |  0.1   |
+------------+--------------+--------------+--------+----------+----------+-----------+----------+--------+--------+
| WLK        |       -0.093 |        0.012 | -0.089 |   -0.123 |    0.266 |     0.981 |    0.981 |  1     | -0.037 |
+------------+--------------+--------------+--------+----------+----------+-----------+----------+--------+--------+
| WWLK       |       -0.277 |        0.881 |  0.086 |    0.167 |    0.282 |     0.1   |    0.1   | -0.037 |  1     |
+------------+--------------+--------------+--------+----------+----------+-----------+----------+--------+--------+

===================================================================================================================================

