-----------------------------
	 Subordinate Clauses
-----------------------------

SICK Data Set
=============

Number of Test Cases: 69
---------------------

Semantic Relatedness Statistics:
--------------------------------
Mean:                 4.87 (0.97)
Median:                4.9 (0.98)
Standard deviation:   0.13 (0.03)
Standard error:       0.02 (0.0)


Average Scores (Overall):
-------------------------
Average Semantic Relatedness: 0.963 (-0.009)

+------------+-----------------+
| Metric     |   Average Score |
+============+=================+
| Ann. Score |        0.963147 |
+------------+-----------------+
| BERT Score |        0.783017 |
+------------+-----------------+
| BLEU       |        0.579135 |
+------------+-----------------+
| Meteor     |        0.407758 |
+------------+-----------------+
| S2match    |        0.916541 |
+------------+-----------------+
| Smatch     |        0.916541 |
+------------+-----------------+
| WLK        |        0.896    |
+------------+-----------------+
| WWLK       |        0.906858 |
+------------+-----------------+
| chrF++     |        0.733482 |
+------------+-----------------+

Correlation Matrix (Overall):
-----------------------------
+------------+--------------+--------------+--------+----------+----------+-----------+----------+--------+--------+
|            |   Ann. Score |   BERT Score |   BLEU |   chrF++ |   Meteor |   S2match |   Smatch |    WLK |   WWLK |
+============+==============+==============+========+==========+==========+===========+==========+========+========+
| Ann. Score |        1     |       -0.033 | -0.142 |   -0.121 |   -0.027 |     0.132 |    0.132 |  0.129 |  0.107 |
+------------+--------------+--------------+--------+----------+----------+-----------+----------+--------+--------+
| BERT Score |       -0.033 |        1     |  0.675 |    0.579 |    0.554 |    -0.426 |   -0.426 | -0.422 | -0.419 |
+------------+--------------+--------------+--------+----------+----------+-----------+----------+--------+--------+
| BLEU       |       -0.142 |        0.675 |  1     |    0.756 |    0.619 |    -0.216 |   -0.216 | -0.202 | -0.226 |
+------------+--------------+--------------+--------+----------+----------+-----------+----------+--------+--------+
| chrF++     |       -0.121 |        0.579 |  0.756 |    1     |    0.26  |    -0.167 |   -0.167 | -0.155 | -0.178 |
+------------+--------------+--------------+--------+----------+----------+-----------+----------+--------+--------+
| Meteor     |       -0.027 |        0.554 |  0.619 |    0.26  |    1     |     0.07  |    0.07  |  0.053 |  0.076 |
+------------+--------------+--------------+--------+----------+----------+-----------+----------+--------+--------+
| S2match    |        0.132 |       -0.426 | -0.216 |   -0.167 |    0.07  |     1     |    1     |  0.993 |  0.991 |
+------------+--------------+--------------+--------+----------+----------+-----------+----------+--------+--------+
| Smatch     |        0.132 |       -0.426 | -0.216 |   -0.167 |    0.07  |     1     |    1     |  0.993 |  0.991 |
+------------+--------------+--------------+--------+----------+----------+-----------+----------+--------+--------+
| WLK        |        0.129 |       -0.422 | -0.202 |   -0.155 |    0.053 |     0.993 |    0.993 |  1     |  0.987 |
+------------+--------------+--------------+--------+----------+----------+-----------+----------+--------+--------+
| WWLK       |        0.107 |       -0.419 | -0.226 |   -0.178 |    0.076 |     0.991 |    0.991 |  0.987 |  1     |
+------------+--------------+--------------+--------+----------+----------+-----------+----------+--------+--------+

===================================================================================================================================

